{"n": 34, "m": 2, "T_max": 120.0, "profits": [0.0, 3.0, 3.0, 10.0, 6.0, 1.0, 5.0, 6.0, 10.0, 9.0, 5.0, 3.0, 8.0, 10.0, 4.0, 2.0, 10.0, 3.0, 9.0, 10.0, 10.0, 8.0, 3.0, 4.0, 9.0, 4.0, 5.0, 7.0, 6.0, 9.0, 6.0, 7.0, 1.0, 0.0], "dist": [[0.0, 2.8098403715713935, 8.595218982814226, 0.7435076596420963, 1.3811555101255917, 3.498577085512971, 5.755153900085735, 2.1968521774023535, 5.532445707417925, 2.9182273851646023, 4.361046374942587, 8.949933797302224, 4.700604330799536, 2.977387349004579, 4.815590904641661, 7.288140183844793, 4.263774248194308, 5.847187873896788, 6.8956623683744676, 2.324835078301693, 5.506197789619619, 4.699509002969315, 8.916738705695735, 8.0309232029915, 7.923993086018899, 6.960474812523622, 6.386399692527767, 9.523414142212214, 3.1419731969454316, 2.0677984302019863, 4.2851816235672, 9.102434216475064, 4.255663435548516, 4.043520039792499], [2.8098403715713935, 0.0, 5.919670490759302, 2.423574574909696, 4.123010734009877, 0.919754812209894, 6.423126344445639, 1.11399207643286, 4.6000778428766225, 2.780330736821606, 3.541253867931253, 8.053021529462868, 2.337231320378622, 1.6842733317326846, 3.102124770937564, 5.402594009857062, 2.5895692945201603, 4.328162268845807, 4.095843959194325, 2.0560837032877886, 5.942609555684208, 4.657722823230966, 8.534714026965808, 5.791108890049666, 6.060546448628658, 4.169020252509353, 3.7450158410595114, 7.5180487274837775, 5.779633476787458, 4.5249402483165095, 5.765058284448176, 8.553871571027884, 2.2425659286932804, 1.3608069370103186], [8.595218982814226, 5.919670490759302, 0.0, 8.016533903096779, 9.73817274583543, 5.654851906505891, 9.092611600506185, 6.945716860097065, 5.760981668155899, 6.7774397509854865, 5.9156430174791685, 7.1357589739312575, 5.5654685547792795, 5.8613609219433265, 6.805308507470324, 3.5857843181079203, 6.756798175128381, 4.589748664187758, 2.2446705555888435, 6.719855571325921, 8.47182456001977, 7.2132663825350045, 8.554456512195678, 2.3697970777497095, 3.72577832104213, 3.113498672401707, 2.2094469240636263, 3.803371412386818, 11.121090594598186, 9.820240130966916, 9.749423825967826, 8.217146190417953, 6.228936619386135, 4.579329132591508], [0.7435076596420963, 2.423574574909696, 8.016533903096779, 0.0, 1.7399981542989218, 3.23126137365076, 5.1935601229237385, 2.1103631817233848, 4.791166763475211, 2.1803091671235832, 3.6181549095972354, 8.220339785614737, 4.549014067059169, 2.2833724307811383, 4.866161974772003, 6.565673842624619, 4.302878535367677, 5.110496866505867, 6.4244531278758545, 1.587202785322193, 4.896693800122093, 4.0076060785240175, 8.227631164916154, 7.343617227310936, 7.197376242726151, 6.585533197229537, 5.809030114883529, 8.803112448307374, 3.356320410439932, 2.118542082437047, 3.905055561788112, 8.39816006140687, 4.1997076350307205, 3.5281833663027498], [1.3811555101255917, 4.123010734009877, 9.73817274583543, 1.7399981542989218, 0.0, 4.862018217731342, 5.381893429788577, 3.5779845894551423, 5.972235781802764, 3.4377191719215285, 4.8807455288190145, 9.183388366887732, 6.081752701122183, 3.925457933602576, 6.157454403235583, 8.048651088423176, 5.613575841234417, 6.5178778599341936, 8.161938919591602, 3.1170689925985577, 5.279584681357455, 4.811628816680316, 8.900751235888093, 8.937718896135067, 8.652557221351376, 8.291519185731403, 7.534617140491345, 10.280287773926464, 1.7728482991432708, 0.9497259963042418, 3.5841357182871065, 9.161257367294894, 5.629689264222396, 5.268115593169936], [3.498577085512971, 0.919754812209894, 5.654851906505891, 3.23126137365076, 4.862018217731342, 0.0, 7.310711308144127, 1.3957223937254077, 5.280136451173163, 3.6747377774618815, 4.299179553853716, 8.650194741424565, 1.4176645958294718, 2.5163623565169226, 2.2892689130932715, 5.7177620357603, 1.833122440614253, 4.844918961437513, 3.6275780663668846, 2.9710227094671167, 6.8146532270835225, 5.499524836505518, 9.247233588840215, 5.899521415048808, 6.363378177452727, 3.501350846117538, 3.5969612799520276, 7.714555597302688, 6.571886506776012, 5.349618714404062, 6.684307676508946, 9.229924312095704, 1.3994764596785358, 1.4710638229259632], [5.755153900085735, 6.423126344445639, 9.092611600506185, 5.1935601229237385, 5.381893429788577, 7.310711308144127, 0.0, 6.886325818464736, 3.337888782684012, 3.643161932895776, 3.4208513625997603, 4.702801266979281, 8.699116229851738, 4.815892715702168, 9.507908845196944, 5.823782521235414, 8.97140074633816, 4.507435665071565, 8.723424047745418, 4.405637389624501, 0.6216211662529307, 1.9932351533526445, 3.827358490522485, 7.154004398901636, 6.117077955247778, 9.446655379050085, 7.438330277356533, 7.529892455837475, 5.095125565089538, 4.541238171267337, 2.042629907274795, 4.225652433755265, 8.664613712164506, 6.473844466546591], [2.1968521774023535, 1.11399207643286, 6.945716860097065, 2.1103631817233848, 3.5779845894551423, 1.3957223937254077, 6.886325818464736, 0.0, 5.499552112070373, 3.3213474310345434, 4.370629350758535, 8.996630853462758, 2.5037807424520304, 2.49724092480119, 2.769883728760796, 6.49759239557351, 2.206294457389418, 5.3558477139960905, 4.99862603240152, 2.5175298228259795, 6.472635110933665, 5.300701784877319, 9.355937586298845, 6.904728069852069, 7.156342018301366, 4.894172544184811, 4.806004984851363, 8.628279139855113, 5.331509202425017, 4.180517459550859, 5.9067313379484405, 9.41864075869415, 2.0935811330415084, 2.450365723898357], [5.532445707417925, 4.6000778428766225, 5.760981668155899, 4.791166763475211, 5.972235781802764, 5.280136451173163, 3.337888782684012, 5.499552112070373, 0.0, 2.617765830719444, 1.183930706717409, 3.50952746786524, 6.464512021046389, 3.0028870200668827, 7.560766174181892, 2.5769690835247823, 7.110977472040646, 1.1713479964913918, 5.618759171691742, 3.2688902942519116, 2.7199862121181284, 1.6167226445172933, 3.9710759177381103, 3.861194457074134, 3.004079567284086, 6.473899815007411, 4.25302058793035, 4.586688011038751, 6.652256497362823, 5.542596602819772, 4.355412212287045, 3.9563840440942646, 6.667081400307955, 4.007435481297733], [2.9182273851646023, 2.780330736821606, 6.7774397509854865, 2.1803091671235832, 3.4377191719215285, 3.6747377774618815, 3.643161932895776, 3.3213474310345434, 2.617765830719444, 0.0, 1.4635890318042293, 6.045410696947645, 5.0761887834435, 1.2450929289160737, 5.8678821072187475, 4.628181228231757, 5.336320798918799, 3.0818639384775417, 5.708505440728004, 0.8059949220718001, 3.177351315507768, 1.9876019206887725, 6.1458289673901225, 5.6053338165659214, 5.220439433632585, 6.212006747508916, 4.693648260688682, 6.850831351754849, 4.445090502273805, 3.192917355690246, 3.225912957398322, 6.275219536849985, 5.021451779456567, 3.0258765388839586], [4.361046374942587, 3.541253867931253, 5.9156430174791685, 3.6181549095972354, 4.8807455288190145, 4.299179553853716, 3.4208513625997603, 4.370629350758535, 1.183930706717409, 1.4635890318042293, 0.0, 4.681577052068525, 5.578072137348754, 1.8827939188354366, 6.587522674673211, 3.279768622115487, 6.107355436827028, 1.7001778447270517, 5.310565671030842, 2.0849775919450404, 2.8232277730728557, 1.4276218419882383, 4.999761354143225, 4.3912388474507456, 3.831859325073142, 6.028680788592667, 4.066012503178861, 5.461935873581072, 5.7284720215690115, 4.542561122376842, 3.84177209496143, 5.048037941808581, 5.698588054670246, 3.1836184865019908], [8.949933797302224, 8.053021529462868, 7.1357589739312575, 8.220339785614737, 9.183388366887732, 8.650194741424565, 4.702801266979281, 8.996630853462758, 3.50952746786524, 6.045410696947645, 4.681577052068525, 0.0, 9.69408941327098, 6.505171537066792, 10.883446984812345, 3.6962820479969056, 10.477574438992932, 3.8324301133863585, 7.990322930494153, 6.754457430927523, 4.3647792620695665, 4.373553289206933, 1.63590148413355, 4.765991382732797, 3.4129329636602574, 9.011740332302296, 6.611402055879053, 3.9472020617109624, 9.471169995056853, 8.576834073649609, 6.596521460826083, 1.1588190002420489, 9.997269140725601, 7.260750489973184], [4.700604330799536, 2.337231320378622, 5.5654685547792795, 4.549014067059169, 6.081752701122183, 1.4176645958294718, 8.699116229851738, 2.5037807424520304, 6.464512021046389, 5.0761887834435, 5.578072137348754, 9.69408941327098, 0.0, 3.885263403016094, 1.3076360179992554, 6.46448428025554, 1.1950286537411718, 5.862450411613959, 3.3381016875642917, 4.387009305734154, 8.187991461968142, 6.847097038781917, 10.428817081645505, 6.363683388519238, 7.073444730853368, 2.806149042748352, 3.852414617304801, 8.245396381560168, 7.832653486790472, 6.65724536445266, 8.100088721832543, 10.366922286719237, 0.6990689337074641, 2.4609437647104313], [2.977387349004579, 1.6842733317326846, 5.8613609219433265, 2.2833724307811383, 3.925457933602576, 2.5163623565169226, 4.815892715702168, 2.49724092480119, 3.0028870200668827, 1.2450929289160737, 1.8827939188354366, 6.505171537066792, 3.885263403016094, 0.0, 4.776777500979291, 4.332469657129548, 4.272572395718423, 2.979758861563824, 4.56480594706199, 0.863431899313965, 4.303900960024047, 2.9846357793688036, 6.881676536826263, 5.060456530656176, 4.978429110174915, 4.99883417207435, 3.6893476505622917, 6.559357630625417, 5.263624865935375, 3.960563897333408, 4.453801527382392, 6.927401096360457, 3.902396401164602, 1.7895493352257434], [4.815590904641661, 3.102124770937564, 6.805308507470324, 4.866161974772003, 6.157454403235583, 2.2892689130932715, 9.507908845196944, 2.769883728760796, 7.560766174181892, 5.8678821072187475, 6.587522674673211, 10.883446984812345, 1.3076360179992554, 4.776777500979291, 0.0, 7.743865237660148, 0.5638173831447383, 7.0550893587794885, 4.562001239872329, 5.106641377502154, 9.040435014785368, 7.758313742445983, 11.530835524709252, 7.671138186941725, 8.3609837484374, 3.8824180219537485, 5.158499082474323, 9.552027873132786, 7.929469371943492, 6.873022029937301, 8.66593153719035, 11.502056008654696, 0.8936848365241644, 3.6235993671614235], [7.288140183844793, 5.402594009857062, 3.5857843181079203, 6.565673842624619, 8.048651088423176, 5.7177620357603, 5.823782521235414, 6.49759239557351, 2.5769690835247823, 4.628181228231757, 3.279768622115487, 3.6962820479969056, 6.46448428025554, 4.332469657129548, 7.743865237660148, 0.0, 7.435795111308869, 1.5803971581285685, 4.314917476752973, 4.9887319093599904, 5.224252517898828, 4.190369126636388, 4.999177384698176, 1.3478949243537515, 0.6588959184065851, 5.355552795043042, 2.9709632537251087, 2.238546851936965, 9.006345956385955, 7.801082402199721, 6.921789910738397, 4.701799060960051, 6.906832772190292, 4.246945978682565], [4.263774248194308, 2.5895692945201603, 6.756798175128381, 4.302878535367677, 5.613575841234417, 1.833122440614253, 8.97140074633816, 2.206294457389418, 7.110977472040646, 5.336320798918799, 6.107355436827028, 10.477574438992932, 1.1950286537411718, 4.272572395718423, 0.5638173831447383, 7.435795111308869, 0.0, 6.661556370394892, 4.532913827533517, 4.5665955633610675, 8.512476930795104, 7.245802517029628, 11.075044354709721, 7.4516233452297955, 8.065715157109803, 3.9683407818270315, 4.978749331585752, 9.317885752265578, 7.386363103963622, 6.316885667315606, 8.105000239634627, 11.062561264774441, 0.5469639255365741, 3.241474297070214], [5.847187873896788, 4.328162268845807, 4.589748664187758, 5.110496866505867, 6.5178778599341936, 4.844918961437513, 4.507435665071565, 5.3558477139960905, 1.1713479964913918, 3.0818639384775417, 1.7001778447270517, 3.8324301133863585, 5.862450411613959, 2.979758861563824, 7.0550893587794885, 1.5803971581285685, 6.661556370394892, 0.0, 4.567747122824071, 3.523356769764281, 3.888236896231691, 2.7034231559056554, 4.686896163038994, 2.758690986341267, 2.141461371675706, 5.484245315406376, 3.1729737865329772, 3.7732601624930386, 7.428353898593394, 6.232605127356518, 5.397070377823635, 4.551594548225064, 6.172051463392916, 3.431503789844312], [6.8956623683744676, 4.095843959194325, 2.2446705555888435, 6.4244531278758545, 8.161938919591602, 3.6275780663668846, 8.723424047745418, 4.99862603240152, 5.618759171691742, 5.708505440728004, 5.310565671030842, 7.990322930494153, 3.3381016875642917, 4.56480594706199, 4.562001239872329, 4.314917476752973, 4.532913827533517, 4.567747122824071, 0.0, 5.40712066704894, 8.115033073357655, 6.73365171468981, 9.151310916093047, 3.637571810486869, 4.752955962377316, 1.0645881889284685, 1.4063249146346808, 5.471931054674306, 9.716341348318352, 8.41813289857698, 8.906381695479455, 8.926681487773267, 4.015362308524876, 2.9060133316498633], [2.324835078301693, 2.0560837032877886, 6.719855571325921, 1.587202785322193, 3.1170689925985577, 2.9710227094671167, 4.405637389624501, 2.5175298228259795, 3.2688902942519116, 0.8059949220718001, 2.0849775919450404, 6.754457430927523, 4.387009305734154, 0.863431899313965, 5.106641377502154, 4.9887319093599904, 4.5665955633610675, 3.523356769764281, 5.40712066704894, 0.0, 3.9643791038488194, 2.7928451698146097, 6.928259899993379, 5.822941561338465, 5.615425163818806, 5.789995662465335, 4.552515540057642, 7.2272598000254265, 4.402150624387277, 3.1003875829413996, 3.7489896882136478, 7.039802911418494, 4.27799715731945, 2.5674540908259815], [5.506197789619619, 5.942609555684208, 8.47182456001977, 4.896693800122093, 5.279584681357455, 6.8146532270835225, 0.6216211662529307, 6.472635110933665, 2.7199862121181284, 3.177351315507768, 2.8232277730728557, 4.3647792620695665, 8.187991461968142, 4.303900960024047, 9.040435014785368, 5.224252517898828, 8.512476930795104, 3.888236896231691, 8.115033073357655, 3.9643791038488194, 0.0, 1.3996406672518371, 3.6891076794663586, 6.5486535430671555, 5.537674277575466, 8.851895386066232, 6.822283205933625, 6.98202229739456, 5.202056476453436, 4.501057297821504, 2.2349642321321284, 4.028120940267242, 8.18454562020483, 5.918713385248836], [4.699509002969315, 4.657722823230966, 7.2132663825350045, 4.0076060785240175, 4.811628816680316, 5.499524836505518, 1.9932351533526445, 5.300701784877319, 1.6167226445172933, 1.9876019206887725, 1.4276218419882383, 4.373553289206933, 6.847097038781917, 2.9846357793688036, 7.758313742445983, 4.190369126636388, 7.245802517029628, 2.7034231559056554, 6.73365171468981, 2.7928451698146097, 1.3996406672518371, 0.0, 4.220158554334531, 5.452425912264722, 4.615676228951931, 7.45490561489812, 5.465532565556642, 6.178088984645191, 5.20959629501875, 4.220194286922565, 2.7400561327023847, 4.40780351555021, 6.886834179143302, 4.534108099099011], [8.916738705695735, 8.534714026965808, 8.554456512195678, 8.227631164916154, 8.900751235888093, 9.247233588840215, 3.827358490522485, 9.355937586298845, 3.9710759177381103, 6.1458289673901225, 4.999761354143225, 1.63590148413355, 10.428817081645505, 6.881676536826263, 11.530835524709252, 4.999177384698176, 11.075044354709721, 4.686896163038994, 9.151310916093047, 6.928259899993379, 3.6891076794663586, 4.220158554334531, 0.0, 6.201086831222897, 4.848082953691624, 10.125127634767008, 7.746649255033919, 5.563861037787801, 8.88256496372615, 8.170677358820631, 5.85846126328816, 0.5374053738142938, 10.637198420444884, 7.968280506575226], [8.0309232029915, 5.791108890049666, 2.3697970777497095, 7.343617227310936, 8.937718896135067, 5.899521415048808, 7.154004398901636, 6.904728069852069, 3.861194457074134, 5.6053338165659214, 4.3912388474507456, 4.765991382732797, 6.363683388519238, 5.060456530656176, 7.671138186941725, 1.3478949243537515, 7.4516233452297955, 2.758690986341267, 3.637571810486869, 5.822941561338465, 6.5486535430671555, 5.452425912264722, 6.201086831222897, 0.0, 1.3577702425662659, 4.7007717749727025, 2.5383191883108482, 1.8896688224003375, 10.045875413949181, 8.796863220250751, 8.155620646526877, 5.851562990913709, 6.905961085764251, 4.487203562922453], [7.923993086018899, 6.060546448628658, 3.72577832104213, 7.197376242726151, 8.652557221351376, 6.363378177452727, 6.117077955247778, 7.156342018301366, 3.004079567284086, 5.220439433632585, 3.831859325073142, 3.4129329636602574, 7.073444730853368, 4.978429110174915, 8.3609837484374, 0.6588959184065851, 8.065715157109803, 2.141461371675706, 4.752955962377316, 5.615425163818806, 5.537674277575466, 4.615676228951931, 4.848082953691624, 1.3577702425662659, 0.0, 5.810378833141828, 3.469063831279904, 1.63183007797398, 9.556353741170833, 8.372034391891724, 7.355600633416412, 4.4938279099549625, 7.5332384024020955, 4.893669321739607], [6.960474812523622, 4.169020252509353, 3.113498672401707, 6.585533197229537, 8.291519185731403, 3.501350846117538, 9.446655379050085, 4.894172544184811, 6.473899815007411, 6.212006747508916, 6.028680788592667, 9.011740332302296, 2.806149042748352, 4.99883417207435, 3.8824180219537485, 5.355552795043042, 3.9683407818270315, 5.484245315406376, 1.0645881889284685, 5.789995662465335, 8.851895386066232, 7.45490561489812, 10.125127634767008, 4.7007717749727025, 5.810378833141828, 0.0, 2.4004252405149855, 6.5251495538302935, 9.934740557208695, 8.65986745756344, 9.437862848818925, 9.921460050219212, 3.505010071408948, 3.2228664823811113], [6.386399692527767, 3.7450158410595114, 2.2094469240636263, 5.809030114883529, 7.534617140491345, 3.5969612799520276, 7.438330277356533, 4.806004984851363, 4.25302058793035, 4.693648260688682, 4.066012503178861, 6.611402055879053, 3.852414617304801, 3.6893476505622917, 5.158499082474323, 2.9709632537251087, 4.978749331585752, 3.1729737865329772, 1.4063249146346808, 4.552515540057642, 6.822283205933625, 5.465532565556642, 7.746649255033919, 2.5383191883108482, 3.469063831279904, 2.4004252405149855, 0.0, 4.427944849772474, 8.951710409489372, 7.647584828451822, 7.800543928806203, 7.528488144731473, 4.432019940784688, 2.389370163308547], [9.523414142212214, 7.5180487274837775, 3.803371412386818, 8.803112448307374, 10.280287773926464, 7.714555597302688, 7.529892455837475, 8.628279139855113, 4.586688011038751, 6.850831351754849, 5.461935873581072, 3.9472020617109624, 8.245396381560168, 6.559357630625417, 9.552027873132786, 2.238546851936965, 9.317885752265578, 3.7732601624930386, 5.471931054674306, 7.2272598000254265, 6.98202229739456, 6.178088984645191, 5.563861037787801, 1.8896688224003375, 1.63183007797398, 6.5251495538302935, 4.427944849772474, 0.0, 11.182461666566075, 10.003275592437289, 8.908545205202296, 5.106018040349098, 8.77394201087272, 6.269127856410059], [3.1419731969454316, 5.779633476787458, 11.121090594598186, 3.356320410439932, 1.7728482991432708, 6.571886506776012, 5.095125565089538, 5.331509202425017, 6.652256497362823, 4.445090502273805, 5.7284720215690115, 9.471169995056853, 7.832653486790472, 5.263624865935375, 7.929469371943492, 9.006345956385955, 7.386363103963622, 7.428353898593394, 9.716341348318352, 4.402150624387277, 5.202056476453436, 5.20959629501875, 8.88256496372615, 10.045875413949181, 9.556353741170833, 9.934740557208695, 8.951710409489372, 11.182461666566075, 0.0, 1.3049188397015101, 3.0585445470572172, 9.229769762764743, 7.397345378886689, 6.811350484989762], [2.0677984302019863, 4.5249402483165095, 9.820240130966916, 2.118542082437047, 0.9497259963042418, 5.349618714404062, 4.541238171267337, 4.180517459550859, 5.542596602819772, 3.192917355690246, 4.542561122376842, 8.576834073649609, 6.65724536445266, 3.960563897333408, 6.873022029937301, 7.801082402199721, 6.316885667315606, 6.232605127356518, 8.41813289857698, 3.1003875829413996, 4.501057297821504, 4.220194286922565, 8.170677358820631, 8.796863220250751, 8.372034391891724, 8.65986745756344, 7.647584828451822, 10.003275592437289, 1.3049188397015101, 0.0, 2.665345067684244, 8.464468023949832, 6.271424886794731, 5.515127424855737], [4.2851816235672, 5.765058284448176, 9.749423825967826, 3.905055561788112, 3.5841357182871065, 6.684307676508946, 2.042629907274795, 5.9067313379484405, 4.355412212287045, 3.225912957398322, 3.84177209496143, 6.596521460826083, 8.100088721832543, 4.453801527382392, 8.66593153719035, 6.921789910738397, 8.105000239634627, 5.397070377823635, 8.906381695479455, 3.7489896882136478, 2.2349642321321284, 2.7400561327023847, 5.85846126328816, 8.155620646526877, 7.355600633416412, 9.437862848818925, 7.800543928806203, 8.908545205202296, 3.0585445470572172, 2.665345067684244, 0.0, 6.234598411594507, 7.9062255245980575, 6.2432403975948425], [9.102434216475064, 8.553871571027884, 8.217146190417953, 8.39816006140687, 9.161257367294894, 9.229924312095704, 4.225652433755265, 9.41864075869415, 3.9563840440942646, 6.275219536849985, 5.048037941808581, 1.1588190002420489, 10.366922286719237, 6.927401096360457, 11.502056008654696, 4.701799060960051, 11.062561264774441, 4.551594548225064, 8.926681487773267, 7.039802911418494, 4.028120940267242, 4.40780351555021, 0.5374053738142938, 5.851562990913709, 4.4938279099549625, 9.921460050219212, 7.528488144731473, 5.106018040349098, 9.229769762764743, 8.464468023949832, 6.234598411594507, 0.0, 10.60902272423013, 7.90800515805749], [4.255663435548516, 2.2425659286932804, 6.228936619386135, 4.1997076350307205, 5.629689264222396, 1.3994764596785358, 8.664613712164506, 2.0935811330415084, 6.667081400307955, 5.021451779456567, 5.698588054670246, 9.997269140725601, 0.6990689337074641, 3.902396401164602, 0.8936848365241644, 6.906832772190292, 0.5469639255365741, 6.172051463392916, 4.015362308524876, 4.27799715731945, 8.18454562020483, 6.886834179143302, 10.637198420444884, 6.905961085764251, 7.5332384024020955, 3.505010071408948, 4.432019940784688, 8.77394201087272, 7.397345378886689, 6.271424886794731, 7.9062255245980575, 10.60902272423013, 0.0, 2.7419145862507883], [4.043520039792499, 1.3608069370103186, 4.579329132591508, 3.5281833663027498, 5.268115593169936, 1.4710638229259632, 6.473844466546591, 2.450365723898357, 4.007435481297733, 3.0258765388839586, 3.1836184865019908, 7.260750489973184, 2.4609437647104313, 1.7895493352257434, 3.6235993671614235, 4.246945978682565, 3.241474297070214, 3.431503789844312, 2.9060133316498633, 2.5674540908259815, 5.918713385248836, 4.534108099099011, 7.968280506575226, 4.487203562922453, 4.893669321739607, 3.2228664823811113, 2.389370163308547, 6.269127856410059, 6.811350484989762, 5.515127424855737, 6.2432403975948425, 7.90800515805749, 2.7419145862507883, 0.0]]}