{"n": 52, "m": 2, "T_max": 160.0, "profits": [0.0, 10.0, 2.0, 2.0, 9.0, 2.0, 10.0, 9.0, 3.0, 7.0, 4.0, 5.0, 10.0, 8.0, 8.0, 8.0, 6.0, 2.0, 4.0, 8.0, 4.0, 8.0, 2.0, 8.0, 10.0, 2.0, 3.0, 9.0, 6.0, 10.0, 6.0, 3.0, 5.0, 10.0, 6.0, 7.0, 5.0, 4.0, 8.0, 5.0, 9.0, 4.0, 10.0, 7.0, 10.0, 9.0, 8.0, 1.0, 4.0, 7.0, 2.0, 0.0], "dist": [[0.0, 6.102300948514475, 6.761775186152659, 4.768264575579667, 1.1524792568659334, 2.4202338728063033, 7.202126307800098, 6.421473257082404, 1.5632692128900934, 7.6090578962099285, 2.9260776787465264, 1.3304795794339224, 1.0880542061221645, 2.2289507285296826, 2.6704062101962025, 4.053419283891938, 4.673540243002791, 6.304723017195764, 6.968585555115885, 8.403188948963184, 5.3051412154951, 5.393642687369011, 5.579700176096354, 4.322168970247135, 3.628245004006067, 1.9765559041830434, 2.7212221301354735, 3.5565795384380605, 6.211096749451499, 7.640433698759951, 3.910926924729383, 5.400193656382415, 6.252845974816356, 1.5520562326085117, 5.726480548370177, 2.4308450282963507, 0.9438721469108801, 3.963675741996042, 8.542671592507103, 1.90764947880044, 2.1940913373423565, 0.21632621067258498, 5.436790828244209, 6.451145663967218, 4.9881075014399014, 5.036010391208467, 4.752932564244467, 3.7067850389631, 1.5625235599640612, 0.5374313291189603, 5.871755044773932, 2.038279480953056], [6.102300948514475, 0.0, 1.6648660698223585, 6.760032868632916, 6.09707952816659, 4.6866742318556245, 3.0495898055268666, 2.6334538283590647, 5.59320332606097, 1.5307866470347027, 8.721318955938466, 5.0516269002665615, 7.089159428403249, 7.471849068558912, 8.59015317188728, 3.907121839055108, 1.618610722789221, 5.348712789563079, 3.069488396151494, 5.703432374177645, 3.437378753208295, 0.8592876761383164, 1.9981239064792875, 8.193394896708075, 7.098805424519584, 8.067912301196932, 3.4026501612775384, 6.286082164743325, 2.768186096405808, 5.106442269024404, 4.594043161339316, 8.3700863839038, 1.8845397441505214, 6.308074791974842, 2.3028260600217796, 3.6715984353289315, 5.726881328431881, 3.9830724937458832, 6.27098737993431, 6.226540064044977, 4.802488104478675, 5.937811040067343, 3.624663026747572, 3.796949383925489, 6.18853326177673, 2.160689204882661, 9.810585759127841, 5.0900350664234875, 4.892815726702199, 5.697465780072186, 3.1608073757367396, 7.706772745014287], [6.761775186152659, 1.6648660698223585, 0.0, 8.23759168148985, 6.471979738648623, 4.8398305151286145, 4.615966079061125, 4.279259146814305, 5.885402212473534, 1.6572643848839648, 9.582825197323626, 5.9442968169483335, 7.8246124951563125, 8.457066647894177, 9.391562433914727, 5.3822992604986295, 2.9824525216673745, 7.003452869624427, 4.673706533328894, 7.311621158246607, 2.582322633472913, 2.377025207655367, 3.6538413857285947, 7.935956937593387, 6.876184668561528, 8.639914746647982, 4.087826988679297, 6.013915317306452, 4.428195550426409, 6.744804892976205, 4.215757920117484, 9.800611017520032, 3.529684699939106, 7.296975123095345, 3.9653736676344518, 4.444571539084983, 6.180468365795688, 3.656663323318816, 7.898659745024765, 6.404755663191154, 5.919020506645078, 6.568318751931078, 5.2655840626553685, 5.459248506393562, 7.721590801494053, 3.7530779980989717, 10.924541826684179, 6.506088441471971, 5.833952495411485, 6.453451636477188, 4.824202711487039, 8.047558350163001], [4.768264575579667, 6.760032868632916, 8.23759168148985, 0.0, 5.8651718802116175, 6.338605216968787, 5.604058312778539, 5.100371614378726, 6.0454587525356756, 8.101556494383244, 4.768123154478984, 3.8824395583479085, 4.650313017052803, 3.5325203347842624, 4.988685851744946, 2.8603479809876586, 5.255195960706876, 2.808239920937441, 5.321230311689157, 5.117258970944265, 8.256094894248628, 5.9189775490297105, 4.9712911096990995, 9.089149354712802, 8.333203182775645, 5.782840013984522, 5.114899836566414, 8.082430138586245, 4.80726949239857, 4.552082625999607, 7.695462205388967, 1.6586883970816189, 5.523286236578015, 3.290057531058886, 4.811766338658537, 4.771772750806403, 5.508214463101812, 7.407376280928836, 4.920602561299854, 6.598146679333846, 3.0996166596878543, 4.865773780747133, 3.5271991661906488, 4.210882719761504, 0.7827412896768319, 4.630133016113035, 4.25514328655976, 1.773253188457613, 3.742303801011789, 4.3471741012799, 4.219280679921703, 6.583871813877488], [1.1524792568659334, 6.09707952816659, 6.471979738648623, 5.8651718802116175, 0.0, 1.7064566938871941, 7.657008222998495, 6.873241437168447, 0.6288977277723609, 7.536572236520449, 3.7442399313159798, 2.131917228032324, 1.9660539581525618, 3.3130468488562514, 3.4123244567671422, 4.785553556175337, 4.861879131280259, 7.17067614491775, 7.449375403279338, 9.144110078269884, 4.651506946798218, 5.499158968237727, 5.9522871298134366, 3.245292799671197, 2.4840075204261813, 2.266004547087453, 2.744089359840288, 2.421241972998421, 6.6984505009914574, 8.371401139506466, 3.0471064058753634, 6.551770771925127, 6.5861033338004376, 2.70176899813412, 6.153456422896105, 2.5941474415770465, 0.4476590091198076, 3.241611219712999, 9.346024889757993, 0.7552749088337447, 3.0554562773279756, 1.0095820318246231, 6.100793532750228, 7.088248976974797, 6.024360160583842, 5.428255294492207, 5.751905030233204, 4.6558721946426065, 2.3449763299303292, 1.5183520519770402, 6.441613180484984, 1.610160019071749], [2.4202338728063033, 4.6866742318556245, 4.8398305151286145, 6.338605216968787, 1.7064566938871941, 0.0, 6.729971598558854, 5.972049698234716, 1.082144634445149, 6.033873394907423, 5.3160448213546205, 2.5110801014872406, 3.4739749137540303, 4.606111084748465, 5.0221060396457, 4.475982460128896, 3.7317631366319364, 6.9615274585963265, 6.5663482931260395, 8.624919606643106, 2.9537567726176173, 4.228837427523722, 4.987622435068605, 3.6654303999584728, 2.5975929321122773, 3.968722178809243, 1.7372867567855124, 1.9705710396232767, 5.856264206444128, 7.856265342198511, 1.5100783975635665, 7.368455104356072, 5.537286478112512, 3.6819534923539146, 5.25266319714877, 1.8489195149663824, 1.5510633622415244, 1.561447453557669, 8.939140534625643, 1.5726077978027115, 3.2429513405726476, 2.204635935546556, 5.568589274151292, 6.459825173779944, 6.285364719654873, 4.5247224799778, 7.161931942458172, 4.787590254327169, 2.6109271220887034, 2.4215160413805488, 5.736887640302537, 3.2189470452718956], [7.202126307800098, 3.0495898055268666, 4.615966079061125, 5.604058312778539, 7.657008222998495, 6.729971598558854, 0.0, 0.7847160541434446, 7.3340417665439706, 3.486047941375171, 9.136858220002656, 5.891932790618751, 7.92190780283571, 7.732421823270129, 9.143072339041764, 3.4240875472873995, 3.0334869240994404, 3.191151170492775, 0.28510852619261245, 2.7099292518864204, 6.371874083476916, 2.8140899690657104, 1.742649895798454, 10.39522056413284, 9.323407871226589, 9.103837164640304, 5.038189939486433, 8.616910956192905, 1.0006985092230534, 2.236603601700086, 7.159271946666918, 7.2392079036513195, 1.275869526039302, 6.713150810111395, 1.5045070680377344, 5.085842892771018, 7.217921798436025, 6.573107112300978, 3.327213961614249, 8.044827139396244, 5.19599075068727, 7.112068419133163, 2.1502003426658307, 1.4353757012350004, 4.84934850381373, 2.2354624930686455, 9.54762039871017, 4.485604470065659, 5.6674665606740176, 6.683579085842711, 1.4821345777384536, 9.154638563366747], [6.421473257082404, 2.6334538283590647, 4.279259146814305, 5.100371614378726, 6.873241437168447, 5.972049698234716, 0.7847160541434446, 0.0, 6.555498937532206, 3.403364889925148, 8.40928131837334, 5.115043530915119, 7.155262592206886, 7.012076274279927, 8.402522660834764, 2.7158424816453275, 2.315587702676167, 2.966556357902593, 0.5946062620848217, 3.096146312284685, 5.792718586866506, 2.2200851213251735, 0.9949802070514674, 9.635237726533186, 8.568563149219253, 8.33044846556312, 4.268244069411251, 7.876202890868447, 0.29380326353097697, 2.473394693760936, 6.463777708835531, 6.755123713079245, 0.7499779597568275, 5.970197509395799, 0.7248309458461825, 4.305930155223537, 6.433741139648088, 5.888483407537201, 3.642057797492828, 7.267355276913186, 4.4380128659121265, 6.329428240279292, 1.5740953698593623, 1.2305616633427385, 4.377097240922346, 1.4582800312656505, 8.910960296593252, 3.8355183669118, 4.891921693259686, 5.904882974655762, 0.8812775568863831, 8.37017057390185], [1.5632692128900934, 5.59320332606097, 5.885402212473534, 6.0454587525356756, 0.6288977277723609, 1.082144634445149, 7.3340417665439706, 6.555498937532206, 0.0, 7.002247508823148, 4.333570443638019, 2.184538659753176, 2.5194844174182895, 3.790052761027844, 4.01465089939818, 4.660175368123233, 4.447841133210241, 7.106460135303399, 7.141338658240535, 8.976327513353807, 4.022698176280718, 5.041887524740131, 5.6056675684909845, 3.245401758251815, 2.3283275351983597, 2.894884723727371, 2.324665481771409, 2.0562318785942777, 6.400825931147775, 8.201795520577367, 2.4355340488533237, 6.866976807295862, 6.213769841100667, 3.0374481822892876, 5.831054655602987, 2.2505410341673113, 0.6201662231110058, 2.6129630721980335, 9.220255016150736, 0.7154102904078787, 3.0757021467591903, 1.368559917628158, 5.91020928239159, 6.8703237467121285, 6.12583123981033, 5.098653623836279, 6.287010209167419, 4.692497784989439, 2.363691944376503, 1.7663043346001994, 6.191604415402905, 2.1630920074800253], [7.6090578962099285, 1.5307866470347027, 1.6572643848839648, 8.101556494383244, 7.536572236520449, 6.033873394907423, 3.486047941375171, 3.403364889925148, 7.002247508823148, 0.0, 10.25186477558731, 6.580874441070164, 8.609535101552789, 9.000127817523586, 10.118262204560471, 5.293593804384769, 3.129620924156892, 6.350421568750103, 3.6258439908189186, 6.172896284108753, 4.183717633510473, 2.3541914539600977, 3.1490219084987667, 9.380894894835903, 8.298295928871564, 9.56535971055872, 4.894065705934387, 7.452528714810714, 3.633410506964004, 5.718757129323723, 5.679781760949826, 9.740141912487715, 2.7284736684976933, 7.837306340145004, 3.368495968325483, 5.182333942888325, 7.186156187385977, 5.086144541450731, 6.806568697806574, 7.600337546958604, 6.323524671579815, 7.438756917617836, 4.746643424371025, 4.633021010314643, 7.474506828019903, 3.4779198697037534, 11.317939441442334, 6.501071827055342, 6.4234329696007695, 7.2167086916372245, 4.155670041462027, 9.14508960212334], [2.9260776787465264, 8.721318955938466, 9.582825197323626, 4.768123154478984, 3.7442399313159798, 5.3160448213546205, 9.136858220002656, 8.40928131837334, 4.333570443638019, 10.25186477558731, 0.0, 3.675817328718068, 1.8448521974294183, 1.4141600289430647, 0.41075745056364543, 5.714533042419146, 7.161131779264115, 7.261841805052661, 8.86742667994055, 9.594754092549998, 8.229948564170945, 7.93007087912983, 7.75898415841282, 5.984224983627736, 5.744929859973444, 1.865694886672318, 5.494998956285908, 6.013093849900208, 8.147511301310892, 8.909289515601001, 6.765640020661643, 4.413950125483015, 8.449495248747693, 2.4676390106187025, 7.806620551031624, 5.144090150140981, 3.770831364265744, 6.873842384578691, 9.533016918821282, 4.354403476284533, 4.035337264747385, 3.14055565348099, 7.0700195107226005, 8.05255120872454, 5.371983189981096, 7.227298681096435, 2.2042571232114696, 4.785452069728634, 3.828529856953197, 3.138196661050157, 7.671369411384472, 3.1262401856963336], [1.3304795794339224, 5.0516269002665615, 5.9442968169483335, 3.8824395583479085, 2.131917228032324, 2.5110801014872406, 5.891932790618751, 5.115043530915119, 2.184538659753176, 6.580874441070164, 3.675817328718068, 0.0, 2.0895759919281485, 2.5194696709477835, 3.539565083069492, 2.73124378944247, 3.5217068123781075, 5.049240266539973, 5.6530239325888685, 7.091773643611474, 4.962539499150078, 4.278473569921992, 4.306811528644099, 5.360811359329105, 4.5063516176319, 3.2199266305322887, 1.8879542745554942, 4.201961908639863, 4.896508141685706, 6.325423343529526, 3.96653210580712, 4.858790975777006, 4.990119192164416, 1.3806848515812895, 4.431670416206417, 1.5085335172136227, 1.7131095831003682, 3.812400415669029, 7.254556339657532, 2.800323721250872, 0.923755866054772, 1.286496003246389, 4.107617699264834, 5.121061666655735, 3.941708068152423, 3.7612098619109107, 5.047463776804744, 2.5296303542988574, 0.23245158249283307, 0.7973553954963761, 4.544114320963089, 3.3569504348033643], [1.0880542061221645, 7.089159428403249, 7.8246124951563125, 4.650313017052803, 1.9660539581525618, 3.4739749137540303, 7.92190780283571, 7.155262592206886, 2.5194844174182895, 8.609535101552789, 1.8448521974294183, 2.0895759919281485, 0.0, 1.4432202481598562, 1.5829803863995004, 4.6036670802889, 5.598383463123695, 6.616716297618053, 7.671712322437487, 8.839471602594088, 6.386077822833172, 6.344053727315608, 6.3836657602408025, 4.717267762083588, 4.234528229271798, 1.2334156062875097, 3.7543104871235027, 4.346330477361944, 6.921463219396014, 8.09843182525148, 4.9375006353187185, 4.943875592167433, 7.070506494388732, 1.4274466623208941, 6.490721880298008, 3.4331771707799104, 1.9359596279660995, 5.029891605576579, 8.901780304095487, 2.6520414422313574, 2.7363979848785096, 1.2998460098031697, 6.009296642744828, 7.027169551971493, 5.0317730660935185, 5.838625022661686, 3.786187533204679, 3.9826727562970654, 2.2924969618342543, 1.3930659461430344, 6.521083726385254, 1.9663965046889864], [2.2289507285296826, 7.471849068558912, 8.457066647894177, 3.5325203347842624, 3.3130468488562514, 4.606111084748465, 7.732421823270129, 7.012076274279927, 3.790052761027844, 9.000127817523586, 1.4141600289430647, 2.5194696709477835, 1.4432202481598562, 0.0, 1.5116851092105081, 4.308433275546258, 5.880063891371767, 5.886300568527266, 7.461259512307177, 8.206860187427742, 7.376283070774591, 6.655467731499353, 6.392058929910571, 6.155925238304404, 5.668723507830599, 2.3273442643988176, 4.405195256618712, 5.7306996571193665, 6.746757000251674, 7.511404177390803, 6.113110371617419, 3.557460454031894, 7.08003821507737, 1.1669785997682098, 6.423836509361349, 4.027983867505241, 3.1722023037439007, 6.105990827970985, 8.169479264228787, 4.040255444334146, 2.699187910019496, 2.43322329030336, 5.656887762516629, 6.6383939766055375, 4.061229138412371, 5.867994348330048, 2.573364387214863, 3.3745480633167633, 2.6238499609521, 2.205968361613533, 6.262953077707859, 3.3553632604895807], [2.6704062101962025, 8.59015317188728, 9.391562433914727, 4.988685851744946, 3.4123244567671422, 5.0221060396457, 9.143072339041764, 8.402522660834764, 4.01465089939818, 10.118262204560471, 0.41075745056364543, 3.539565083069492, 1.5829803863995004, 1.5116851092105081, 0.0, 5.732494727588946, 7.053511965731537, 7.397882539824468, 8.878171798662182, 9.715862756488105, 7.95510090017157, 7.815705332951755, 7.714795514741897, 5.575479061948456, 5.351141808037826, 1.4582755624709276, 5.308920671163458, 5.640250941673431, 8.14769420619608, 9.015718481785159, 6.450168955824141, 4.7392245192100235, 8.406220119784983, 2.4324877214091014, 7.7802224100528985, 4.971198247141203, 3.4713901956669253, 6.583258843320658, 9.680986798751642, 3.9959393523557165, 3.9864715661740853, 2.880473744697263, 7.109115053848396, 8.104829241669576, 5.5566625195589054, 7.1772139095479535, 2.6143357251838637, 4.866828829362478, 3.709955514864153, 2.9388412341691486, 7.690193897678308, 2.721426583777744], [4.053419283891938, 3.907121839055108, 5.3822992604986295, 2.8603479809876586, 4.785553556175337, 4.475982460128896, 3.4240875472873995, 2.7158424816453275, 4.660175368123233, 5.293593804384769, 5.714533042419146, 2.73124378944247, 4.6036670802889, 4.308433275546258, 5.732494727588946, 0.0, 2.4012655562505345, 2.4856881808857665, 3.1530821267723512, 4.3657193209913885, 5.672996497279468, 3.06064147608677, 2.252186541107172, 7.904213272524786, 6.937704145718677, 5.822804659755803, 2.844240086184451, 6.432753009851471, 2.44313878012107, 3.596577236882335, 5.528354907672179, 4.463574283421767, 2.897059835563883, 3.3139463045003206, 2.1929092075390204, 2.633959981453583, 4.341393201372941, 5.1016045054787105, 4.5652245547022, 5.356461986084899, 1.883318298203728, 4.017448999956813, 1.40569185987197, 2.4242482875369973, 2.359908116005216, 1.822615201282597, 6.236483311562892, 1.2143641609425724, 2.4994520922678256, 3.5160000257886876, 1.9582551995337258, 6.087395425848156], [4.673540243002791, 1.618610722789221, 2.9824525216673745, 5.255195960706876, 4.861879131280259, 3.7317631366319364, 3.0334869240994404, 2.315587702676167, 4.447841133210241, 3.129620924156892, 7.161131779264115, 3.5217068123781075, 5.598383463123695, 5.880063891371767, 7.053511965731537, 2.4012655562505345, 0.0, 4.2901367134778585, 2.9035902736150923, 5.270737059592669, 3.651669995023368, 0.7763895351016883, 1.3246080286056658, 7.391319291161952, 6.310084372209084, 6.649777117450773, 2.125868565371892, 5.5869382446288025, 2.267640825753545, 4.554297871187134, 4.1497487361886956, 6.827692343349039, 1.8073418656073883, 4.722259116352306, 1.6421348625106298, 2.2877554554356, 4.449932038785682, 3.5804061049701033, 5.723591617124205, 5.1387047204881275, 3.19479486452833, 4.531658856897775, 2.5446546880617085, 3.1122779944724184, 4.7506495111975235, 1.02563665174016, 8.19323282601548, 3.532626547117607, 3.3435948034728793, 4.223400380192173, 2.358957691541334, 6.442953409252306], [6.304723017195764, 5.348712789563079, 7.003452869624427, 2.808239920937441, 7.17067614491775, 6.9615274585963265, 3.191151170492775, 2.966556357902593, 7.106460135303399, 6.350421568750103, 7.261841805052661, 5.049240266539973, 6.616716297618053, 5.886300568527266, 7.397882539824468, 2.4856881808857665, 4.2901367134778585, 0.0, 2.9390558369266215, 2.3482527269304594, 7.894151468567309, 4.664513625888426, 3.350978850866832, 10.350179597121404, 9.406594343864622, 7.845585779580665, 5.3082856459810825, 8.917634204847923, 2.7188978688548056, 1.7438764903245274, 7.968157742524849, 4.2916947786988295, 3.624765494845737, 5.199467086197286, 3.0524603970418034, 5.117357318792178, 6.7365385744765645, 7.50518002020872, 2.2924992393768164, 7.787691959286035, 4.130298549609829, 6.311758681576465, 1.7584915237335685, 1.778100857988593, 2.036246258356265, 3.313943729867347, 7.051456610303009, 2.636176456932432, 4.828715798856694, 5.779292513143566, 2.209176090798305, 8.330165102497531], [6.968585555115885, 3.069488396151494, 4.673706533328894, 5.321230311689157, 7.449375403279338, 6.5663482931260395, 0.28510852619261245, 0.5946062620848217, 7.141338658240535, 3.6258439908189186, 8.86742667994055, 5.6530239325888685, 7.671712322437487, 7.461259512307177, 8.878171798662182, 3.1530821267723512, 2.9035902736150923, 2.9390558369266215, 0.0, 2.638894539783435, 6.327856690282019, 2.754675798655963, 1.5877484604607888, 10.229126207532975, 9.163018924240605, 8.859447985290563, 4.860191154411275, 8.470361344629373, 0.7576447090884164, 2.1009646601054213, 7.047889243144672, 6.958228893973683, 1.222082189912368, 6.45004917800899, 1.3158268201031151, 4.890929355914371, 7.008132779658637, 6.468856955257652, 3.2300145002241134, 7.85410837939285, 4.941357143419725, 6.883212655126373, 1.8662280303370598, 1.169690251391268, 4.568260248074943, 2.048725760079945, 9.263854481974736, 4.204005259481461, 5.4269931198707715, 6.446844963852734, 1.203405676399171, 8.933195780518218], [8.403188948963184, 5.703432374177645, 7.311621158246607, 5.117258970944265, 9.144110078269884, 8.624919606643106, 2.7099292518864204, 3.096146312284685, 8.976327513353807, 6.172896284108753, 9.594754092549998, 7.091773643611474, 8.839471602594088, 8.206860187427742, 9.715862756488105, 4.3657193209913885, 5.270737059592669, 2.3482527269304594, 2.638894539783435, 0.0, 8.864106978238025, 5.306772188651537, 3.986385659977143, 12.198641359293827, 11.187148037699043, 10.072870620486855, 6.891171619633319, 10.590733565958839, 3.041020873926694, 0.7745326489607562, 9.364675037360158, 6.478862165359892, 3.8292244128242374, 7.4475964044461165, 3.6479476296557207, 6.80339076763868, 8.69800702096216, 8.823248527792163, 0.6683724479909293, 9.684561496382154, 6.211088707499121, 8.37799231803853, 3.069973594476525, 2.1863510904999934, 4.364034632072836, 4.265586536401243, 9.372361257357666, 4.879025740938203, 6.86106309356843, 7.866711471538842, 2.939220368572417, 10.441264368644246], [5.3051412154951, 3.437378753208295, 2.582322633472913, 8.256094894248628, 4.651506946798218, 2.9537567726176173, 6.371874083476916, 5.792718586866506, 4.022698176280718, 4.183717633510473, 8.229948564170945, 4.962539499150078, 6.386077822833172, 7.376283070774591, 7.95510090017157, 5.672996497279468, 3.651669995023368, 7.894151468567309, 6.327856690282019, 8.864106978238025, 0.0, 3.5749294047788576, 4.87987768895802, 5.451486837900865, 4.435950070046867, 6.917472029654568, 3.20104051485157, 3.5707374463327746, 5.823237326611104, 8.175813749126808, 1.8143417759626763, 9.59548911094712, 5.1081954298567185, 6.3172465270457, 5.220584831992733, 3.582960062809301, 4.4959825497426875, 1.418826821119631, 9.352444490919876, 4.352578683243904, 5.340587679117398, 5.089915684496847, 6.178252019569596, 6.745886199913074, 7.953047222038751, 4.67619037905252, 9.948773398768598, 6.499489431731766, 4.952053644056617, 5.179234882852199, 6.000494126290403, 6.071449101736567], [5.393642687369011, 0.8592876761383164, 2.377025207655367, 5.9189775490297105, 5.499158968237727, 4.228837427523722, 2.8140899690657104, 2.2200851213251735, 5.041887524740131, 2.3541914539600977, 7.93007087912983, 4.278473569921992, 6.344053727315608, 6.655467731499353, 7.815705332951755, 3.06064147608677, 0.7763895351016883, 4.664513625888426, 2.754675798655963, 5.306772188651537, 3.5749294047788576, 0.0, 1.3659209267364907, 7.842396753340655, 6.749807883060278, 7.369241303454998, 2.7584396774253244, 5.979845379738884, 2.272501600521463, 4.645181574941069, 4.404004952357711, 7.520148376867529, 1.54019716926418, 5.4964440639493874, 1.7048454715734398, 2.9756567231637447, 5.1039619689333, 3.8034211883930498, 5.8238232993055, 5.710428292591308, 3.9711558877713924, 5.242068499621105, 2.910862493638183, 3.251693987312769, 5.366777073125953, 1.3773282306949082, 8.965411431765945, 4.235043138244513, 4.106743287117181, 4.960554054805917, 2.5464358622472445, 7.098194231321585], [5.579700176096354, 1.9981239064792875, 3.6538413857285947, 4.9712911096990995, 5.9522871298134366, 4.987622435068605, 1.742649895798454, 0.9949802070514674, 5.6056675684909845, 3.1490219084987667, 7.75898415841282, 4.306811528644099, 6.3836657602408025, 6.392058929910571, 7.714795514741897, 2.252186541107172, 1.3246080286056658, 3.350978850866832, 1.5877484604607888, 3.986385659977143, 4.87987768895802, 1.3659209267364907, 0.0, 8.652712329160181, 7.582036024992468, 7.5238430058297965, 3.299119563113705, 6.8832136471335, 0.9521064956116191, 3.2988087408928526, 5.474343707571668, 6.621482222380805, 0.6914248446012345, 5.293542501780322, 0.34227020817034715, 3.3650465415399555, 5.518925341563669, 4.9036834075082965, 4.477214642725949, 6.313575119885975, 3.7290345780379885, 5.470972834012516, 1.6353595722720728, 1.8880252883345447, 4.3272161954648265, 0.5456017576051615, 8.470411905281212, 3.4609833377219883, 4.0938584956698865, 5.079476779641042, 1.18448028183055, 7.481032578830089], [4.322168970247135, 8.193394896708075, 7.935956937593387, 9.089149354712802, 3.245292799671197, 3.6654303999584728, 10.39522056413284, 9.635237726533186, 3.245401758251815, 9.380894894835903, 5.984224983627736, 5.360811359329105, 4.717267762083588, 6.155925238304404, 5.575479061948456, 7.904213272524786, 7.391319291161952, 10.350179597121404, 10.229126207532975, 12.198641359293827, 5.451486837900865, 7.842396753340655, 8.652712329160181, 0.0, 1.095274251861562, 4.1189289137020175, 5.376692998062399, 1.9288889452021063, 9.512545786341377, 11.424711258412826, 3.720879656220698, 9.635171970780254, 9.198494357326435, 5.846173409013712, 8.91417303566519, 5.4063797149386215, 3.647936737864685, 4.298370619293139, 12.45963857137647, 2.56712926930364, 6.278673183892797, 4.226412618121765, 9.128696326991527, 10.065306587013659, 9.269450256013021, 8.183873680282208, 8.187608855428874, 7.890435710503892, 5.562718748909134, 4.755659412171029, 9.362125965158443, 2.8710444451382306], [3.628245004006067, 7.098805424519584, 6.876184668561528, 8.333203182775645, 2.4840075204261813, 2.5975929321122773, 9.323407871226589, 8.568563149219253, 2.3283275351983597, 8.298295928871564, 5.744929859973444, 4.5063516176319, 4.234528229271798, 5.668723507830599, 5.351141808037826, 6.937704145718677, 6.310084372209084, 9.406594343864622, 9.163018924240605, 11.187148037699043, 4.435950070046867, 6.749807883060278, 7.582036024992468, 1.095274251861562, 0.0, 3.9167550461626583, 4.325909238245512, 0.8669166480664744, 8.453745718081194, 10.414901176249057, 2.663868234178232, 9.025117523078858, 8.11734966650616, 5.180271155835922, 7.849952141350804, 4.383795389329655, 2.825421317316721, 3.22505541423552, 11.471182072632152, 1.7369553054744105, 5.403905895752208, 3.4935767888476796, 8.119372077508169, 9.037249540590892, 8.447038603002873, 7.122315373739984, 7.9122647078296025, 7.020811017077575, 4.690968235980886, 3.9911983155182043, 8.323530198305416, 2.6669843645831155], [1.9765559041830434, 8.067912301196932, 8.639914746647982, 5.782840013984522, 2.266004547087453, 3.968722178809243, 9.103837164640304, 8.33044846556312, 2.894884723727371, 9.56535971055872, 1.865694886672318, 3.2199266305322887, 1.2334156062875097, 2.3273442643988176, 1.4582755624709276, 5.822804659755803, 6.649777117450773, 7.845585779580665, 8.859447985290563, 10.072870620486855, 6.917472029654568, 7.369241303454998, 7.5238430058297965, 4.1189289137020175, 3.9167550461626583, 0.0, 4.671336887676249, 4.271021802135328, 8.105339490813668, 9.331293723849214, 5.282175200547075, 5.870938118509882, 8.203962937469731, 2.6477063937195418, 7.651330740326277, 4.400477508031845, 2.4723243370022323, 5.506856728495139, 10.132580269065539, 2.704829425771846, 3.94525265384862, 2.1305423044082508, 7.228131588863016, 8.247027091171692, 6.216087051392017, 6.978418099359413, 4.0686848975990095, 5.2135874314352915, 3.439543495057682, 2.4469302841423954, 7.723698762570625, 1.2654508613297686], [2.7212221301354735, 3.4026501612775384, 4.087826988679297, 5.114899836566414, 2.744089359840288, 1.7372867567855124, 5.038189939486433, 4.268244069411251, 2.324665481771409, 4.894065705934387, 5.494998956285908, 1.8879542745554942, 3.7543104871235027, 4.405195256618712, 5.308920671163458, 2.844240086184451, 2.125868565371892, 5.3082856459810825, 4.860191154411275, 6.891171619633319, 3.20104051485157, 2.7584396774253244, 3.299119563113705, 5.376692998062399, 4.325909238245512, 4.671336887676249, 0.0, 3.699561979409327, 4.136753857268684, 6.124226264392644, 2.6916679984833647, 6.398667184409317, 3.8920625598707983, 3.2665410728342894, 3.5444077017490927, 0.39178468466745686, 2.345590998719184, 2.3135981798136216, 7.218457776131263, 3.023078400281091, 2.1397290253595997, 2.5457956801895136, 3.843589997962454, 4.722854278816432, 4.904383506082169, 2.811684826284468, 6.931980602674338, 3.4043724185152793, 1.81898496911341, 2.3704540793665134, 4.0001300539549325, 4.339803656915408], [3.5565795384380605, 6.286082164743325, 6.013915317306452, 8.082430138586245, 2.421241972998421, 1.9705710396232767, 8.616910956192905, 7.876202890868447, 2.0562318785942777, 7.452528714810714, 6.013093849900208, 4.201961908639863, 4.346330477361944, 5.7306996571193665, 5.640250941673431, 6.432753009851471, 5.5869382446288025, 8.917634204847923, 8.470361344629373, 10.590733565958839, 3.5707374463327746, 5.979845379738884, 6.8832136471335, 1.9288889452021063, 0.8669166480664744, 4.271021802135328, 3.699561979409327, 0.0, 7.779289799272008, 9.823462266740384, 1.799041799667081, 8.919805334178587, 7.388629078193938, 5.079190931046646, 7.165568372412113, 3.816747078671806, 2.649250338784479, 2.3696384129394468, 10.90963356886709, 1.6948962478034681, 5.050201990174148, 3.38474563680891, 7.538253235864297, 8.419929920639719, 8.119047372092336, 6.446980416017688, 8.11567164247573, 6.6490833822940445, 4.35796340548775, 3.819761110658756, 7.689925339461805, 3.0974755493093955], [6.211096749451499, 2.768186096405808, 4.428195550426409, 4.80726949239857, 6.6984505009914574, 5.856264206444128, 1.0006985092230534, 0.29380326353097697, 6.400825931147775, 3.633410506964004, 8.147511301310892, 4.896508141685706, 6.921463219396014, 6.746757000251674, 8.14769420619608, 2.44313878012107, 2.267640825753545, 2.7188978688548056, 0.7576447090884164, 3.041020873926694, 5.823237326611104, 2.272501600521463, 0.9521064956116191, 9.512545786341377, 8.453745718081194, 8.105339490813668, 4.136753857268684, 7.779289799272008, 0.0, 2.373837612151927, 6.412606046545078, 6.462469786666854, 0.9215988110275437, 5.7165097628304, 0.6258647163448324, 4.150662057933094, 6.2561841127501, 5.847672876435723, 3.5519173480365835, 7.1148160910456575, 4.195455647553528, 6.125606753579847, 1.2805612257203547, 1.0333700828848793, 4.085968183016908, 1.3328215219127908, 8.624131784055846, 3.5490223548057487, 4.670964773893523, 5.6898326775696475, 0.5890933312481282, 8.176572717592267], [7.640433698759951, 5.106442269024404, 6.744804892976205, 4.552082625999607, 8.371401139506466, 7.856265342198511, 2.236603601700086, 2.473394693760936, 8.201795520577367, 5.718757129323723, 8.909289515601001, 6.325423343529526, 8.09843182525148, 7.511404177390803, 9.015718481785159, 3.596577236882335, 4.554297871187134, 1.7438764903245274, 2.1009646601054213, 0.7745326489607562, 8.175813749126808, 4.645181574941069, 3.2988087408928526, 11.424711258412826, 10.414901176249057, 9.331293723849214, 6.124226264392644, 9.823462266740384, 2.373837612151927, 0.0, 8.619400846715193, 6.005042117189773, 3.2219510662377013, 6.717117795986165, 2.9569228365448446, 6.031396288667235, 7.925080933047822, 8.085411026690041, 1.178921215001396, 8.910067612555567, 5.450731140045733, 7.611901340652887, 2.2963502137109373, 1.4453125601115469, 3.7791229425902215, 3.538128963820142, 8.792502972699735, 4.158736210738948, 6.094267613008999, 7.103484843746463, 2.2023622133164147, 9.67785997821322], [3.910926924729383, 4.594043161339316, 4.215757920117484, 7.695462205388967, 3.0471064058753634, 1.5100783975635665, 7.159271946666918, 6.463777708835531, 2.4355340488533237, 5.679781760949826, 6.765640020661643, 3.96653210580712, 4.9375006353187185, 6.113110371617419, 6.450168955824141, 5.528354907672179, 4.1497487361886956, 7.968157742524849, 7.047889243144672, 9.364675037360158, 1.8143417759626763, 4.404004952357711, 5.474343707571668, 3.720879656220698, 2.663868234178232, 5.282175200547075, 2.6916679984833647, 1.799041799667081, 6.412606046545078, 8.619400846715193, 0.0, 8.817200404148272, 5.8943403885531644, 5.186716071617437, 5.786931677658629, 2.9674243643953973, 3.0017870535566793, 0.6110449710250222, 9.758810460549627, 2.6193441461097104, 4.604798368003246, 3.697406895771857, 6.4061406986159515, 7.179284972689392, 7.559609136677683, 5.110311729318113, 8.662145091496065, 6.051539476245939, 4.035850713621771, 3.9314410385584617, 6.425517187885784, 4.331843252256896], [5.400193656382415, 8.3700863839038, 9.800611017520032, 1.6586883970816189, 6.551770771925127, 7.368455104356072, 7.2392079036513195, 6.755123713079245, 6.866976807295862, 9.740141912487715, 4.413950125483015, 4.858790975777006, 4.943875592167433, 3.557460454031894, 4.7392245192100235, 4.463574283421767, 6.827692343349039, 4.2916947786988295, 6.958228893973683, 6.478862165359892, 9.59548911094712, 7.520148376867529, 6.621482222380805, 9.635171970780254, 9.025117523078858, 5.870938118509882, 6.398667184409317, 8.919805334178587, 6.462469786666854, 6.005042117189773, 8.817200404148272, 0.0, 7.181080545875039, 3.85063337702158, 6.468589407838002, 6.02562069615773, 6.271958481366594, 8.610531951474947, 6.170166486369117, 7.306974483397966, 4.269137856425807, 5.55003726709699, 5.183385058555935, 5.828489940492133, 2.3899708098014796, 6.263023132700896, 3.173306135089439, 3.295403253427701, 4.781586051287735, 5.1008122575513015, 5.873846432808036, 6.899465169756312], [6.252845974816356, 1.8845397441505214, 3.529684699939106, 5.523286236578015, 6.5861033338004376, 5.537286478112512, 1.275869526039302, 0.7499779597568275, 6.213769841100667, 2.7284736684976933, 8.449495248747693, 4.990119192164416, 7.070506494388732, 7.08003821507737, 8.406220119784983, 2.897059835563883, 1.8073418656073883, 3.624765494845737, 1.222082189912368, 3.8292244128242374, 5.1081954298567185, 1.54019716926418, 0.6914248446012345, 9.198494357326435, 8.11734966650616, 8.203962937469731, 3.8920625598707983, 7.388629078193938, 0.9215988110275437, 3.2219510662377013, 5.8943403885531644, 7.181080545875039, 0.0, 5.984539397315305, 0.7172530872689318, 3.9922014390033853, 6.158186493896596, 5.304173098962327, 4.387410385416871, 6.915117271431495, 4.42039465884919, 6.138775654417005, 2.0481946179250925, 1.951135757149185, 4.841934432977104, 1.2328951591268955, 9.13097769879142, 4.091399112800265, 4.779241889038515, 5.7578583093620255, 1.4280588918471813, 8.132241187628075], [1.5520562326085117, 6.308074791974842, 7.296975123095345, 3.290057531058886, 2.70176899813412, 3.6819534923539146, 6.713150810111395, 5.970197509395799, 3.0374481822892876, 7.837306340145004, 2.4676390106187025, 1.3806848515812895, 1.4274466623208941, 1.1669785997682098, 2.4324877214091014, 3.3139463045003206, 4.722259116352306, 5.199467086197286, 6.45004917800899, 7.4475964044461165, 6.3172465270457, 5.4964440639493874, 5.293542501780322, 5.846173409013712, 5.180271155835922, 2.6477063937195418, 3.2665410728342894, 5.079190931046646, 5.7165097628304, 6.717117795986165, 5.186716071617437, 3.85063337702158, 5.984539397315305, 0.0, 5.350055799532848, 2.883090398256072, 2.430479360107416, 5.108045760574625, 7.488664269114286, 3.45675888482205, 1.567701164301631, 1.6999366612411086, 4.705798416746416, 5.71362261393086, 3.617705872123906, 4.760301133237774, 3.6667820059370944, 2.572973307618019, 1.4637912739722923, 1.2836980388447854, 5.26751480948024, 3.3007685659591086], [5.726480548370177, 2.3028260600217796, 3.9653736676344518, 4.811766338658537, 6.153456422896105, 5.25266319714877, 1.5045070680377344, 0.7248309458461825, 5.831054655602987, 3.368495968325483, 7.806620551031624, 4.431670416206417, 6.490721880298008, 6.423836509361349, 7.7802224100528985, 2.1929092075390204, 1.6421348625106298, 3.0524603970418034, 1.3158268201031151, 3.6479476296557207, 5.220584831992733, 1.7048454715734398, 0.34227020817034715, 8.91417303566519, 7.849952141350804, 7.651330740326277, 3.5444077017490927, 7.165568372412113, 0.6258647163448324, 2.9569228365448446, 5.786931677658629, 6.468589407838002, 0.7172530872689318, 5.350055799532848, 0.0, 3.581914372136767, 5.7152268270111195, 5.2218828608019985, 4.1351818695592915, 6.542693304643217, 3.7974868642858386, 5.628152722628937, 1.3786947470648125, 1.547126828106542, 4.140214985375357, 0.7334988847914852, 8.429384114087064, 3.3787022349490896, 4.212323453244023, 5.215744591433191, 0.8592555044359504, 7.659592295775207], [2.4308450282963507, 3.6715984353289315, 4.444571539084983, 4.771772750806403, 2.5941474415770465, 1.8489195149663824, 5.085842892771018, 4.305930155223537, 2.2505410341673113, 5.182333942888325, 5.144090150140981, 1.5085335172136227, 3.4331771707799104, 4.027983867505241, 4.971198247141203, 2.633959981453583, 2.2877554554356, 5.117357318792178, 4.890929355914371, 6.80339076763868, 3.582960062809301, 2.9756567231637447, 3.3650465415399555, 5.4063797149386215, 4.383795389329655, 4.400477508031845, 0.39178468466745686, 3.816747078671806, 4.150662057933094, 6.031396288667235, 2.9674243643953973, 6.02562069615773, 3.9922014390033853, 2.883090398256072, 3.581914372136767, 0.0, 2.170305314882152, 2.6366343139820003, 7.098766254014601, 2.964162672486788, 1.7596020610987277, 2.270226783616803, 3.7367119684115875, 4.659056526907499, 4.594986856008013, 2.850580115496201, 6.546398087380956, 3.08821297170828, 1.429933165803444, 2.04108242905728, 3.9594857417394547, 4.158333146686066], [0.9438721469108801, 5.726881328431881, 6.180468365795688, 5.508214463101812, 0.4476590091198076, 1.5510633622415244, 7.217921798436025, 6.433741139648088, 0.6201662231110058, 7.186156187385977, 3.770831364265744, 1.7131095831003682, 1.9359596279660995, 3.1722023037439007, 3.4713901956669253, 4.341393201372941, 4.449932038785682, 6.7365385744765645, 7.008132779658637, 8.69800702096216, 4.4959825497426875, 5.1039619689333, 5.518925341563669, 3.647936737864685, 2.825421317316721, 2.4723243370022323, 2.345590998719184, 2.649250338784479, 6.2561841127501, 7.925080933047822, 3.0017870535566793, 6.271958481366594, 6.158186493896596, 2.430479360107416, 5.7152268270111195, 2.170305314882152, 0.0, 3.112502425278861, 8.903662916665771, 1.0954694908121205, 2.6333212525028276, 0.7487699009099149, 5.653314282663842, 6.640619474204243, 5.634546816238163, 4.99203428844486, 5.681465764865325, 4.2426041597849755, 1.9187874248137804, 1.1782763898111999, 5.995111625968199, 1.995043295947141], [3.963675741996042, 3.9830724937458832, 3.656663323318816, 7.407376280928836, 3.241611219712999, 1.561447453557669, 6.573107112300978, 5.888483407537201, 2.6129630721980335, 5.086144541450731, 6.873842384578691, 3.812400415669029, 5.029891605576579, 6.105990827970985, 6.583258843320658, 5.1016045054787105, 3.5804061049701033, 7.50518002020872, 6.468856955257652, 8.823248527792163, 1.418826821119631, 3.8034211883930498, 4.9036834075082965, 4.298370619293139, 3.22505541423552, 5.506856728495139, 2.3135981798136216, 2.3696384129394468, 5.847672876435723, 8.085411026690041, 0.6110449710250222, 8.610531951474947, 5.304173098962327, 5.108045760574625, 5.2218828608019985, 2.6366343139820003, 3.112502425278861, 0.0, 9.234534192596895, 2.937621580168086, 4.3526124063159415, 3.747349975784199, 5.901828553006969, 6.641636643985626, 7.217863907970626, 4.559733456098892, 8.675655455055846, 5.716191638994146, 3.8477876421494157, 3.9006370235203103, 5.8854902254232915, 4.654875449192148], [8.542671592507103, 6.27098737993431, 7.898659745024765, 4.920602561299854, 9.346024889757993, 8.939140534625643, 3.327213961614249, 3.642057797492828, 9.220255016150736, 6.806568697806574, 9.533016918821282, 7.254556339657532, 8.901780304095487, 8.169479264228787, 9.680986798751642, 4.5652245547022, 5.723591617124205, 2.2924992393768164, 3.2300145002241134, 0.6683724479909293, 9.352444490919876, 5.8238232993055, 4.477214642725949, 12.45963857137647, 11.471182072632152, 10.132580269065539, 7.218457776131263, 10.90963356886709, 3.5519173480365835, 1.178921215001396, 9.758810460549627, 6.170166486369117, 4.387410385416871, 7.488664269114286, 4.1351818695592915, 7.098766254014601, 8.903662916665771, 9.234534192596895, 0.0, 9.920269262528322, 6.351005867254106, 8.534083331917623, 3.3753400491731016, 2.611356644476134, 4.204161356046349, 4.703043476019924, 9.158923581188143, 4.919148841159231, 7.027421543817449, 8.010442905250232, 3.3658057079434722, 10.577850135674382], [1.90764947880044, 6.226540064044977, 6.404755663191154, 6.598146679333846, 0.7552749088337447, 1.5726077978027115, 8.044827139396244, 7.267355276913186, 0.7154102904078787, 7.600337546958604, 4.354403476284533, 2.800323721250872, 2.6520414422313574, 4.040255444334146, 3.9959393523557165, 5.356461986084899, 5.1387047204881275, 7.787691959286035, 7.85410837939285, 9.684561496382154, 4.352578683243904, 5.710428292591308, 6.313575119885975, 2.56712926930364, 1.7369553054744105, 2.704829425771846, 3.023078400281091, 1.6948962478034681, 7.1148160910456575, 8.910067612555567, 2.6193441461097104, 7.306974483397966, 6.915117271431495, 3.45675888482205, 6.542693304643217, 2.964162672486788, 1.0954694908121205, 2.937621580168086, 9.920269262528322, 0.0, 3.7140538727493735, 1.7612473402426807, 6.620545311988356, 7.584032500221816, 6.729639956196764, 5.80983182220794, 6.427793496713023, 5.328609012456973, 2.997860105582551, 2.2542792676198307, 6.906872523620992, 1.7198551082632747], [2.1940913373423565, 4.802488104478675, 5.919020506645078, 3.0996166596878543, 3.0554562773279756, 3.2429513405726476, 5.19599075068727, 4.4380128659121265, 3.0757021467591903, 